10
0 2 0 0 0 0
0 0 0 0 0 0
0 0 0 0 0 0
0 0 0 0 0 0
0 0 0 0 0 0
0 0 0 0 0 0

10
1 0 2 3 3 4 0 1 0 0
1 1 1 1 1 1 15 0 0 0
0 0 11 1 1 1 2 2 0 0
3 9 9 0 1 99 5 4 0 0
9 11 3 1 0 3 0 6 1 1
12 3 0 0 0 1 1 2 1 1
4 2 3 5 2 9 10 1 1 0 
5 2 3 4 100 101 102 103 1 0
1 1 0 1 0 1 0 0 0 1
1 0 1 0 0 1 1 1 0 0

10
200 200 200 200 200 200 200 200 200 200
200 200 200 200 200 200 200 200 200 200
200 200 200 200 200 200 200 200 200 200
200 200 200 200 200 200 200 200 200 200
200 200 200 200 200 200 200 200 200 200
200 200 200 200 200 200 200 200 200 200
200 200 200 200 200 200 200 200 200 200
200 200 200 200 200 200 200 200 200 200
200 200 200 200 200 200 200 200 200 200
200 200 200 200 200 200 200 200 200 200